88001705025532
88001896057972
88001844616778
88001755509890
88001914816634
88001321219004
88001904433504
88001711001297
88001613118833
88001901441460
88001787712115
88001901328224
88001736459999
88001673880295
88001311073773
88001571111847
88001750138954
88001896227600
88001976429268
88001511001868
88001401536666
88001612611648
88001777484848
88001922448831
88001754544508
88001730594880
88001918500004
88001901364815
88001953590459
88001540140201
88001716296896
88001958488550
88001713167969
88001713236705
88001711117827
88001676027290
88001973861838
88001713236854
88001819285002
88001676349090
88001537632857
88001786044443
88001711601307
88001818280314
88001309061126
88001684606304
88001581160743
88001680180520
88001937064515
88001614121444
88001810759221
88001314440082
88001977477849
